ZEVS_GROM
Vesrion 1
Date: 11/01/24
Day: Friday
Month: November
Time: 10:59:56
________________________________________________________________
7
7
7
21 1985.00 3 -1
21 1985.00 2 -1
21 1985.00 1 -1
1 0.00 0 -1
19 1 150
1 1985.00 2 -1
1 1985.00 2 -1
4
1 1985.00 1 -1
1 1985.00 3 -1
1 4.00 0 -1
1 -1.00 0 -1
4
4
4
2
21 1985.00 4 -1
1 0.00 0 -1
15 4 98
1 0.00 0 -1
19 4 77
1 0.00 0 -1
15 4 75
25
12
1 1985.00 2 -1
1 -1.00 0 -1
4
1 2.00 0 -1
1 1985.00 1 -1
4
5
6
12
1 1985.00 2 -1
1 -1.00 0 -1
4
1 1985.00 4 -1
8
2
1 2.00 0 -1
1 1985.00 1 -1
4
5
1 1985.00 2 -1
1 -1.00 0 -1
4
1 1985.00 4 -1
8
3
1 2.00 0 -1
1 1985.00 1 -1
4
5
11
12
1 0.00 0 -1
19 2 173
1 1985.00 3 -1
1 1985.00 2 -1
1 -1.00 0 -1
4
5
6
12
1 0.00 0 -1
19 3 182
25
12
24
12
